1 13 5 H Hydrogen 1.0079  -259 -253 0.09 1776 13.5984 7 0
2 64 5 He Helium 4.0026 -272 -269 0.18 1895 24.5874 9 0
3 13 7 Li Lithium 6.941 180 1347 0.53 1817 5.3917 0 2
4 16 7 Be Beryllium 9.0122 1278 2970 1.85 1797 9.3227 1 2
5 49 7 B Boron 10.811 2300 2550 2.34 1808 8.298 10 2
6 52 7 C Carbon 12.0107 3500 4827 2.26 0 11.2603 7 2
7 55 7 N Nitrogen 14.0067 -210 -196 1.25 1772 14.5341 7 0
8 58 7 O Oxygen 15.9994 -218 -183 1.43 1774 13.6181 7 0
9 61 7 F Fluorine 18.9984 -220 -188 1.7 1886 17.4228 8 0
10 64 7 Ne Neon 20.1797 -249 -246 .9 1898 21.5645 9 0
11 13 9  Na Sodium 22.9897 98 883 .97 1807 5.1391 0 2
12 16 9 Mg Magnesium 24.305 639 1090 1.74 1755 7.6462 1 2
13 49 9 Al Aluminium 26.9815 660 2467 2.7 1825 5.9858 5 2
14 52 9 Si Silicon 28.0855 1410 2355 2.33 1824 8.1517 10 2
15 55 9 P Phosphorus 30.9738 44 280 1.82 1669 10.4867 7 2
16 58 9 S Sulphur 32.065 113 445 2.07 0 10.36 7 2
17 61 9 Cl Chlorine 35.453 -10 -35 3.32 1774 12.9676 8 0
18 64 9 Ar Argon 39.948 -189 -186 1.78 1894 15.7596 9 0
19 13 11 K Potassium 39.0983 64 774 .86 1807 4.3407 0 2
20 16 11 Ca Calcium 40.078 839 1484 1.55 1808 6.1132 1 2
21 19 11 Sc Scandium 44.9559 1539 2832 2.99 1879 6.5615 4 2
22 22 11 Ti Titanium 47.867 1660 3287 4.54 1791 6.8281 4 2
23 25 11 V Vanadium 50.9415 1890 3380 6.11 1830 6.7462 4 2
24 28 11 Cr Chromium 51.9961 1857 2672 7.19 1797 6.7665 4 2
25 31 11 Mn Manganese 54.938 1245 1962 7.43 1774 7.434 4 2
26 34 11 Fe Iron 55.845 1535 2750 7.87 0 7.9024 4 2
27 37 11 Co Cobalt 58.9332 1495 2870 8.9 1735 7.881 4 2
28 40 11 Ni Nickel 58.6934 1453 2732 8.9 1751 7.6398 4 2
29 43 11 Cu Copper 63.546 1083 2567 8.96 0 7.7264 4 2
30 46 11 Zn Zinc 65.39 420 907 7.13 0 9.3942 4 2
31 49 11 Ga Gallium 69.723 30 2403 5.91 1875 5.9993 5 2
32 52 11 Ge Germanium 72.64 937 2830 5.32 1886 7.8994 10 2
33 55 11 As Arsenic 74.9216 81 613 5.72 0 9.7886 10 2
34 58 11 Se Selenium 78.96  217 685 4.79 1817 9.7524 7 2
35 61 11 Br Bromine 79.904 -7 59 3.12 1826 11.8138 8 1
36 64 11 Kr Krypton 83.8 -157 -153 3.75 1898 13.9996 9 0
37 13 13 Rb Rubidium 85.4678 39 688 1.63 1861 4.1771 0 2
38 16 13 Sr Strontium 87.62 769 1384 2.54 1790 5.6949 1 2
39 19 13 Y Yttrium 88.9059 1523 3337 4.47 1794 6.2173 4 2
40 22 13 Zr Zirconium 91.224 1852 4377 6.51 1789 6.6339 4 2
41 25 13 Nb Niobium 92.9064 2468 4927 8.57 1801 6.7589 4 2
42 28 13 Mo Molybdenum 95.94 2617 4612 10.22 1781 7.0924 4 2
43 31 13 Tc Technetium 98 2200 4877 11.5 1937 7.28 4 3
44 34 13 Ru Ruthenium 101.07 2250 3900 12.37 1844 7.3605 4 2
45 37 13 Rh Rhodium 102.9055 1966 3727 12.41 1803 7.4589 4 2
46 40 13 Pd Palladium 106.42 1552 2927 12.02 1803 8.3369 4 2
47 43 13 Ag Silver 107.8682 962 2212 10.5 0 7.5762 4 2
48 46 13 Cd Cadmium 112.411 321 765 8.65 1817 8.9938 4 2
49 49 13 In Indium 114.818 157 2000 7.31 1863 5.7864 5 2
50 52 13 Sn Tin 118.71 232 2270 7.31 0 7.3439 5 2
51 55 13 Sb Antimony 121.76 630 1750 6.68 0 8.6084 10 2 
52 58 13 Te Tellurium 127.6 449 990 6.24 1783 9.0096 10 2
53 61 13 I Iodine 126.9045 114 184 4.93 1811 10.4513 8 2
54 64 13 Xe Xenon 131.293 -112 -108 5.9 1898 12.1298 9 0
55 13 15 Cs Cesium 132.9055 29 678 1.87 1860 3.8939 0 1
56 16 15 Ba Barium 137.327 725 1140 3.59 1808 5.2117 1 2
57 19 15 La Lanthanum 138.9055 920 3469 6.15 1839 5.5769 4 2
58 25 21 Ce Cerium 140.116 795 3257 6.77 1803 5.5387 2 2
59 28 21 Pr Praseodymium 140.9077 935 3127 6.77 1885 5.473 2 2
60 31 21 Nd Neodymium 144.24 1010 3127 7.01 1885 5.525 2 2
61 34 21 Pm Promethium 145 1100 3000 7.3 1945 5.582 2 3
62 37 21 Sm Samarium 150.36 1072 1900 7.52 1879 5.637 2 2
63 40 21 Eu Europium 151.964 822 1597 5.24 1901 5.6704 2 2
64 43 21 Gd Gadolinium 157.25 1311 3233 7.9 1880 6.1501 2 2
65 46 21 Tb Terbium 158.9253 1360 3041 8.23 1843 5.8638 2 2
66 49 21 Dy Dysprosium 162.5 1412 2562 8.55 1886 5.9389 2 2
67 52 21 Ho Holmium 164.9303 1470 2720 8.8 1867 6.0215 2 2
68 55 21 Er Erbium 167.259 1522 2510 9.07 1842 6.1077 2 2
69 58 21 Tm Thulium 168.9342 1545 1727 9.32 1879 6.1843 2 2
70 61 21 Yb Ytterbium 173.04 824 1466 6.9 1878 6.2542 2 2
71 64 21 Lu Lutetium 174.967 1656 3315 9.84 1907 5.4259 2 2
72 22 15 Hf Hafnium 178.49 2150 5400 13.31 1923 6.8251 4 2
73 25 15 Ta Tantalum 180.9479 2996 5425 16.65  1802 7.5496 4 2
74 28 15 W Tungsten 183.84 3410 5660 19.35 1783 7.864 4 2
75 31 15 Re Rhenium 186.207 3180 5627 21.04 1925 7.8335 4 2
76 34 15 Os Osmium 190.23 3045 5027 22.6 1803 8.4382 4 2
77 37 15 Ir Iridium 192.217 2410 4527 22.4 1803 8.967 4 2
78 40 15 Pt Platinum 195.078 1772 3827 21.45 1735 8.9587 4 2
79 43 15 Au Gold 196.9665 1064 2807 19.32 0 9.2255 4 2
80 46 15 Hg Mercury 200.59 -39 357 13.55 0 10.4375 4 1
81 49 15 Tl Thallium  204.3833 303 1457 11.85 1861 6.1082 5 2
82 52 15 Pb Lead 207.2 327 1740 11.35 0 7.4167 5 2
83 55 15 Bi Bismuth 208.9804 271 1560 9.75 0 7.2856 5 2
84 58 15 Po Polonium 209 254 962 9.3 1898 8.417 10 2
85 61 15 At Astatine 210 302 337 0 1940 9.3 8 2
86 64 15 Rn Radon 222 -71 -62 9.73 1900 10.7485 9 0
87 13 17 Fr Francium 223 27 677 0 1939 4.0727 0 1
88 16 17 Ra Radium 226 700 1737 5.5 1898 5.2784 1 2
89 19 17 Ac Actinium 227 1050 3200 10.07 1899 5.17 4 2
90 25 23 Th Thorium 232.0381 1750 4790 11.72 1829 6.3067 3 2
91 28 23 Pa Protactinium 231.0359 1564 0 15.4 1913 5.89 3 2
92 31 23 U Uranium 238.0289 1132 3818 18.95 1789 6.1941 3 2
93 34 23 Np Neptunium 237 640 3902 20.2 1940 6.2657 3 3
94 37 23 Pu Plutonium 244 640 3235 19.84 1940 6.0262 3 3
95 40 23 Am Americium 243 994 2607 13.67 1944 5.9738 3 3
96 43 23 Cm Curium 247 1340 0 13.5 1944 5.9915 3 3
97 46 23 Bk Berkelium 247 986 0 14.78 1949 6.1979 3 3
98 49 23 Cf Californium 251 900 0 15.1 1950 6.2817 3 3
99 52 23 Es Einsteinium 252 860 0 0 1952 6.42 3 3
100 55 23 Fm Fermium 257 1527 0 0 1952 6.5 3 3
101 58 23 Md Mendelevium 258 0 0 0 1955 6.58 3 3
102 61 23 No Nobelium 259 1827 0 0 1958 6.65 3 3
103 64 23 Lr Lawrencium 262 1627 0 0 1961 4.9 3 3
104 22 17 Rf Rutherfordium 261 0 0 0 1964 0 4 3
105 25 17 Db Dubnium 262 0 0 0 1967 0 4 3
106 28 17 Sg Seaborgium 263 0 0 0 1974 0 4 3
107 31 17 Bh Bohrium 262 0 0 0 1981 0 4 3
108 34 17 Hs Hassium 265 0 0 0 1984 0 4 3
109 37 17 Mt Meitnerium 266 0 0 0 1982 0 4 3
110 40 17 Ds Darmstadtium 281 0 0 0 1994 0 4 3
111 43 17 Rg Roentgenium 272 0 0 0 1994 0 4 3
112 46 17 Cn Copernicium 285 0 0 0 1996 0 4 3
113 49 17 ut Ununtrium 284 0 0 0 2003 0 5 3
114 52 17 Fl Flerovium 289 0 0 0 1999 0 5 3
115 55 17 up Ununpentium 288 0 0 0 2003 0 5 3
116 58 17 Lv Livermorium 292 0 0 0 2000 0 5 3
117 61 17 us Ununseptium 0 0 0 0 2010 0 8 3
118 64 17 uo Ununoctium 294 0 0 0 2002 0 9 3